status: Optimal
obj_val: 1.207040000000003
J1: 25, J2: 25
timestamp: 2025-12-03T17:12:22.238303
grid_sizes1: (5, 5)
grid_sizes2: (5, 5)
n_iter: 2
