status: Optimal
obj_val: 1.1620789333331716
J1: 250, J2: 250
timestamp: 2025-12-03T14:55:44.199949
grid_sizes1: (5, 5, 10)
grid_sizes2: (5, 5, 10)
n_iter: 6
