status: Optimal
obj_val: 1.2863895105294283
timestamp: 2025-12-06T04:31:39.961878
grid_sizes: (25, 25, 25)
n_iter: 2
