status: Optimal
obj_val: 0.887253759999972
J1: 15625, J2: 15625
timestamp: 2025-12-03T18:30:04.838066
grid_sizes1: (25, 25, 25)
grid_sizes2: (25, 25, 25)
n_iter: 1
