status: Optimal
obj_val: 0.820083200000044
J1: 125, J2: 125
timestamp: 2025-12-03T14:53:32.688153
grid_sizes1: (5, 5, 5)
grid_sizes2: (5, 5, 5)
n_iter: 5
