status: Optimal
obj_val: 0.8911249999999737
timestamp: 2025-12-03T00:14:57.229387
grid_sizes: (20, 20, 20)
n_iter: 1
