status: Optimal
obj_val: 1.3480308641962073
timestamp: 2025-12-06T05:30:10.332401
grid_sizes: (30, 30, 30)
n_iter: 4
