status: Optimal
obj_val: 0.8842703703703432
J1: 27000, J2: 27000
timestamp: 2025-12-03T20:58:18.300878
grid_sizes1: (30, 30, 30)
grid_sizes2: (30, 30, 30)
n_iter: 1
