status: Optimal
obj_val: 2.5767283950610715
timestamp: 2025-12-03T20:45:02.072563
grid_sizes: (30, 30, 30)
n_iter: 1
