status: Optimal
obj_val: 0.5653119999999746
J1: 15625, J2: 15625
timestamp: 2025-12-03T18:34:04.921965
grid_sizes1: (25, 25, 25)
grid_sizes2: (25, 25, 25)
n_iter: 1
