status: Optimal
obj_val: 0.8921944444443265
J: 27000
timestamp: 2025-12-03T16:48:48.376875
grid_sizes: (30, 30, 30)
n_iter: 1
