status: Optimal
obj_val: 0.724129629629591
timestamp: 2025-12-03T15:05:27.433786
grid_sizes: (30, 30, 15)
n_iter: 1
