status: Optimal
obj_val: 0.8868684799999556
timestamp: 2025-12-03T13:37:32.097535
grid_sizes: (25, 25, 25)
n_iter: 1
