status: Optimal
obj_val: 0.30031599309910123
n_agents: 2
timestamp: 2025-12-03T00:47:41.915409
grid_sizes0: (8, 8)
grid_sizes1: (8, 8)
n_iter: 2
