status: Optimal
obj_val: 0.7325925925926122
J1: 6750, J2: 6750
timestamp: 2025-12-03T18:47:42.432843
grid_sizes1: (15, 15, 30)
grid_sizes2: (15, 15, 30)
n_iter: 1
