status: Optimal
obj_val: 0.5531930000000053
J1: 10000, J2: 10000
timestamp: 2025-12-03T22:22:24.540510
grid_sizes1: (100, 100)
grid_sizes2: (100, 100)
n_iter: 1
