status: Optimal
obj_val: 0.4373951999999853
timestamp: 2025-12-03T14:44:23.945511
grid_sizes: (25, 25, 25)
n_iter: 2
