status: Optimal
obj_val: 0.20362500000000125
timestamp: 2025-12-03T00:17:43.387852
grid_sizes: (20, 20, 20)
n_iter: 1
