status: Optimal
obj_val: 1.061762291666746
J1: 400, J2: 400
timestamp: 2025-12-03T14:47:42.774404
grid_sizes1: (20, 20)
grid_sizes2: (20, 20)
n_iter: 7
